0 0.200000 0.169670 0.192000 0.267267
0 0.129000 0.594595 0.250000 0.390390
0 0.307000 0.584084 0.158000 0.315315
0 0.489000 0.355856 0.194000 0.279279
0 0.484000 0.600601 0.172000 0.252252
0 0.590000 0.147147 0.212000 0.240240
0 0.680000 0.345345 0.228000 0.252252
0 0.682000 0.632132 0.288000 0.387387
0 0.483000 0.836336 0.238000 0.327327
0 0.240000 0.845345 0.260000 0.309309
0 0.048000 0.211712 0.092000 0.219219
0 0.770000 0.084084 0.132000 0.162162
0 0.811000 0.198198 0.166000 0.198198
0 0.880000 0.349850 0.208000 0.249249
0 0.906000 0.561562 0.188000 0.282282
0 0.938000 0.816817 0.124000 0.366366
0 0.060000 0.870871 0.116000 0.258258
0 0.707000 0.890390 0.246000 0.219219
0 0.350000 0.216216 0.136000 0.246246
0 0.944000 0.157658 0.112000 0.285285
0 0.306000 0.387387 0.208000 0.240240
0 0.121000 0.360360 0.186000 0.210210
0 0.474000 0.204204 0.124000 0.198198
0 0.345000 0.103604 0.146000 0.171171
0 0.466000 0.096096 0.112000 0.132132
0 0.068000 0.124625 0.124000 0.183183
0 0.885000 0.103604 0.114000 0.195195
