0 0.240057 0.373106 0.045455 0.053030
0 0.212358 0.564394 0.035511 0.049242
0 0.245028 0.558712 0.035511 0.049242
0 0.347301 0.454545 0.038352 0.060606
0 0.382812 0.460227 0.044034 0.087121
0 0.602273 0.341856 0.045455 0.066288
0 0.558239 0.451705 0.053977 0.073864
0 0.539062 0.513258 0.058239 0.071970
0 0.307528 0.633523 0.038352 0.047348
0 0.338068 0.634470 0.036932 0.064394
0 0.549716 0.617424 0.036932 0.060606
0 0.594460 0.621212 0.032670 0.064394
0 0.618608 0.631629 0.032670 0.051136
0 0.649148 0.611742 0.034091 0.060606
0 0.693892 0.598485 0.035511 0.064394
0 0.747869 0.611742 0.035511 0.056818
0 0.717330 0.592803 0.036932 0.071970
1 0.208097 0.255682 0.049716 0.075758
1 0.304688 0.289773 0.035511 0.049242
1 0.541903 0.275568 0.026989 0.058712
1 0.541903 0.209280 0.029830 0.043561
1 0.213778 0.331439 0.038352 0.049242
1 0.370028 0.298295 0.041193 0.058712
1 0.680398 0.407197 0.042614 0.053030
1 0.711648 0.478220 0.042614 0.066288
1 0.438210 0.679924 0.026989 0.049242
1 0.473011 0.704545 0.028409 0.041667
1 0.515625 0.724432 0.025568 0.035985
1 0.654119 0.448864 0.018466 0.034091
