0 0.166912 0.666016 0.233824 0.277344
0 0.283088 0.592773 0.207353 0.267578
0 0.112500 0.475586 0.175000 0.205078
0 0.137500 0.329102 0.183824 0.232422
0 0.263971 0.450195 0.222059 0.232422
0 0.179412 0.242188 0.176471 0.238281
0 0.304412 0.361328 0.214706 0.203125
0 0.420588 0.717773 0.144118 0.228516
0 0.305147 0.805664 0.177941 0.228516
0 0.535294 0.712891 0.111765 0.210938
0 0.407353 0.496094 0.105882 0.148438
0 0.242647 0.169922 0.170588 0.226562
0 0.546324 0.252930 0.142647 0.166016
0 0.511765 0.495117 0.132353 0.158203
0 0.686765 0.267578 0.150000 0.183594
0 0.621324 0.558594 0.101471 0.152344
0 0.458088 0.875000 0.177941 0.164062
0 0.591176 0.835938 0.114706 0.175781
0 0.686765 0.798828 0.108824 0.160156
0 0.699265 0.646484 0.104412 0.109375
0 0.355147 0.150391 0.157353 0.226562
0 0.554412 0.143555 0.126471 0.166016
0 0.452941 0.145508 0.126471 0.177734
0 0.722794 0.500000 0.139706 0.164062
0 0.794853 0.302734 0.122059 0.179688
0 0.833824 0.456055 0.141176 0.173828
0 0.827206 0.601562 0.119118 0.148438
0 0.780147 0.714844 0.148529 0.187500
0 0.633088 0.692383 0.095588 0.134766
0 0.463971 0.358398 0.133824 0.166016
0 0.583824 0.406250 0.155882 0.171875
0 0.423529 0.603516 0.120588 0.125000
0 0.633824 0.150391 0.073529 0.125000
0 0.747059 0.188477 0.135294 0.142578
0 0.536029 0.602539 0.130882 0.146484
