1 0.118000 0.683183 0.224000 0.333333
1 0.197000 0.448949 0.214000 0.309309
1 0.090000 0.336336 0.152000 0.234234
1 0.245000 0.154655 0.274000 0.285285
1 0.378000 0.282282 0.208000 0.222222
1 0.440000 0.498498 0.300000 0.342342
1 0.494000 0.117117 0.272000 0.204204
1 0.710000 0.130631 0.192000 0.237237
1 0.836000 0.291291 0.288000 0.366366
1 0.593000 0.291291 0.250000 0.324324
1 0.708000 0.534535 0.280000 0.288288
1 0.333000 0.774775 0.266000 0.366366
1 0.569000 0.738739 0.242000 0.324324
1 0.788000 0.773273 0.244000 0.327327
1 0.682000 0.915916 0.240000 0.156156
1 0.908000 0.639640 0.168000 0.312312
1 0.115000 0.896396 0.190000 0.207207
1 0.480000 0.926426 0.204000 0.135135
