0 0.195833 0.379630 0.241667 0.159259
0 0.098611 0.261111 0.147222 0.233333
0 0.451389 0.283333 0.113889 0.188889
0 0.475000 0.496296 0.133333 0.222222
0 0.652778 0.366667 0.111111 0.207407
0 0.327778 0.862963 0.133333 0.229630
0 0.072222 0.825926 0.133333 0.148148
0 0.166667 0.753704 0.150000 0.166667
0 0.219444 0.520370 0.183333 0.203704
0 0.093056 0.575926 0.169444 0.166667
0 0.248611 0.264815 0.125000 0.196296
0 0.623611 0.520370 0.169444 0.122222
0 0.381944 0.396296 0.086111 0.192593
0 0.772222 0.270370 0.166667 0.207407
0 0.813889 0.481481 0.138889 0.237037
0 0.940278 0.509259 0.113889 0.218519
0 0.769444 0.094444 0.133333 0.174074
0 0.433333 0.122222 0.144444 0.118519
0 0.587500 0.125926 0.180556 0.096296
0 0.212500 0.059259 0.263889 0.103704
0 0.948611 0.127778 0.102778 0.100000
0 0.181944 0.951852 0.125000 0.096296
0 0.466667 0.866667 0.133333 0.214815
0 0.547222 0.720370 0.105556 0.166667
0 0.673611 0.746296 0.125000 0.225926
0 0.631944 0.907407 0.208333 0.177778
0 0.791667 0.851852 0.105556 0.214815
0 0.936111 0.887037 0.127778 0.196296
0 0.922222 0.714815 0.155556 0.155556
0 0.901389 0.320370 0.097222 0.144444
