0 0.226337 0.234375 0.254115 0.357639
1 0.454604 0.431713 0.229167 0.364198
1 0.422325 0.127701 0.223765 0.250772
1 0.088349 0.661651 0.176183 0.335648
1 0.355453 0.741512 0.250514 0.323302
1 0.643904 0.362461 0.190586 0.275849
1 0.625900 0.114198 0.192130 0.216821
1 0.566487 0.667824 0.214249 0.257716
1 0.922197 0.148148 0.155607 0.293981
1 0.764275 0.606674 0.198302 0.268904
1 0.699203 0.875579 0.199846 0.248843
1 0.888374 0.859761 0.211934 0.280478
1 0.793467 0.373843 0.188272 0.320988
1 0.933899 0.489583 0.132202 0.409722
1 0.525206 0.893133 0.145062 0.213735
1 0.783951 0.104552 0.148148 0.208333
